16.0
38.0
11.0
14.0
13.0
11.0
31.0
11.0
9.0
9.0
13.0
10.0
11.0
11.0
11.0
23.0
12.0
24.0
12.0
11.0
52.0
60.0
500.0
88.0
68.0
22.0
67.0
83.0
48.0
44.0
124.0
129.0
68.0
124.0
55.0
53.0
109.0
63.0
202.0
115.0
90.0
115.0
135.0
179.0
76.0
59.0
127.0
118.0
121.0
113.0
158.0
210.0
120.0
120.0
175.0
105.0
142.0
126.0
179.0
154.0
128.0
190.0
116.0
140.0
79.0
118.0
129.0
106.0
150.0
195.0
143.0
84.0
102.0
153.0
163.0
88.0
151.0
295.0
145.0
143.0
348.0
500.0
500.0
173.0
177.0
154.0
153.0
224.0
219.0
147.0
183.0
116.0
143.0
122.0
115.0
106.0
49.0
86.0
170.0
148.0
171.0
183.0
117.0
56.0
25.0
190.0
135.0
174.0
193.0
345.0
126.0
213.0
96.0
178.0
203.0
97.0
107.0
65.0
160.0
196.0
144.0
133.0
152.0
144.0
216.0
435.0
117.0
98.0
149.0
500.0
36.0
214.0
500.0
226.0
208.0
124.0
185.0
339.0
500.0
500.0
299.0
287.0
301.0
390.0
421.0
230.0
348.0
120.0
98.0
127.0
215.0
500.0
100.0
226.0
183.0
410.0
147.0
66.0
124.0
70.0
96.0
113.0
89.0
500.0
118.0
151.0
118.0
154.0
101.0
329.0
257.0
133.0
78.0
227.0
311.0
206.0
195.0
143.0
285.0
129.0
327.0
107.0
180.0
221.0
99.0
269.0
142.0
267.0
461.0
184.0
500.0
318.0
130.0
251.0
233.0
337.0
99.0
467.0
291.0
276.0
310.0
408.0
430.0
291.0
242.0
240.0
225.0
373.0
103.0
466.0
283.0
163.0
500.0
114.0
175.0
190.0
224.0
182.0
161.0
164.0
190.0
138.0
216.0
104.0
96.0
184.0
102.0
118.0
31.0
109.0
32.0
500.0
151.0
103.0
418.0
132.0
286.0
103.0
500.0
33.0
390.0
212.0
182.0
139.0
20.0
305.0
76.0
268.0
169.0
93.0
235.0
92.0
500.0
86.0
225.0
500.0
201.0
118.0
143.0
142.0
114.0
92.0
292.0
394.0
500.0
500.0
91.0
409.0
486.0
152.0
192.0
500.0
70.0
147.0
330.0
500.0
500.0
500.0
500.0
500.0
500.0
500.0
500.0
500.0
500.0
500.0
500.0
500.0
500.0
500.0
268.0
97.0
396.0
500.0
500.0
230.0
21.0
21.0
475.0
22.0
375.0
500.0
500.0
500.0
500.0
485.0
264.0
18.0
29.0
23.0
30.0
20.0
36.0
23.0
48.0
362.0
20.0
47.0
20.0
14.0
22.0
41.0
34.0
22.0
24.0
35.0
56.0
27.0
21.0
20.0
84.0
63.0
223.0
96.0
25.0
168.0
152.0
23.0
25.0
191.0
500.0
500.0
500.0
198.0
17.0
108.0
98.0
153.0
117.0
500.0
202.0
409.0
500.0
500.0
341.0
288.0
364.0
187.0
164.0
224.0
212.0
152.0
184.0
195.0
215.0
236.0
239.0
166.0
295.0
108.0
21.0
307.0
452.0
179.0
30.0
500.0
294.0
500.0
395.0
276.0
177.0
500.0
500.0
353.0
411.0
500.0
472.0
342.0
285.0
457.0
205.0
482.0
272.0
176.0
169.0
175.0
212.0
275.0
385.0
326.0
289.0
14.0
13.0
500.0
500.0
500.0
500.0
206.0
500.0
500.0
500.0
500.0
188.0
500.0
471.0
120.0
254.0
500.0
105.0
116.0
500.0
500.0
408.0
252.0
326.0
500.0
500.0
362.0
331.0
348.0
345.0
497.0
247.0
500.0
500.0
219.0
161.0
200.0
299.0
177.0
133.0
134.0
142.0
134.0
18.0
14.0
16.0
145.0
123.0
18.0
15.0
15.0
21.0
17.0
25.0
36.0
155.0
251.0
162.0
163.0
209.0
206.0
147.0
191.0
118.0
87.0
190.0
201.0
266.0
257.0
216.0
500.0
272.0
212.0
248.0
185.0
166.0
183.0
178.0
350.0
500.0
443.0
500.0
360.0
354.0
233.0
250.0
303.0
274.0
266.0
244.0
302.0
500.0
500.0
206.0
181.0
176.0
176.0
298.0
233.0
230.0
290.0
279.0
194.0
217.0
197.0
212.0
147.0
191.0
193.0
142.0
147.0
167.0
500.0
259.0
199.0
138.0
194.0
206.0
375.0
500.0
230.0
229.0
154.0
125.0
115.0
151.0
201.0
142.0
181.0
404.0
500.0
175.0
461.0
176.0
500.0
447.0
131.0
133.0
145.0
187.0
149.0
161.0
156.0
500.0
183.0
500.0
218.0
276.0
256.0
384.0
350.0
111.0
500.0
363.0
500.0
309.0
293.0
169.0
158.0
193.0
172.0
182.0
110.0
175.0
178.0
164.0
500.0
108.0
161.0
251.0
500.0
216.0
91.0
24.0
120.0
132.0
15.0
107.0
232.0
244.0
500.0
118.0
261.0
222.0
295.0
313.0
204.0
500.0
298.0
314.0
118.0
248.0
320.0
317.0
235.0
131.0
288.0
500.0
466.0
500.0
500.0
216.0
500.0
311.0
209.0
193.0
500.0
500.0
500.0
500.0
397.0
500.0
500.0
150.0
81.0
346.0
88.0
404.0
500.0
96.0
112.0
109.0
218.0
107.0
146.0
126.0
125.0
184.0
112.0
210.0
210.0
257.0
175.0
170.0
119.0
125.0
500.0
186.0
139.0
187.0
189.0
19.0
106.0
321.0
127.0
193.0
218.0
143.0
109.0
182.0
176.0
14.0
13.0
115.0
121.0
197.0
160.0
249.0
234.0
139.0
148.0
160.0
150.0
500.0
232.0
125.0
243.0
131.0
171.0
126.0
120.0
299.0
382.0
163.0
202.0
117.0
191.0
111.0
105.0
116.0
175.0
126.0
116.0
500.0
126.0
14.0
500.0
131.0
185.0
117.0
127.0
130.0
144.0
119.0
144.0
141.0
113.0
114.0
172.0
500.0
119.0
298.0
165.0
460.0
500.0
439.0
157.0
500.0
142.0
403.0
385.0
500.0
500.0
324.0
285.0
143.0
205.0
221.0
106.0
134.0
138.0
214.0
123.0
227.0
500.0
226.0
500.0
500.0
339.0
366.0
138.0
149.0
206.0
148.0
138.0
500.0
145.0
146.0
141.0
169.0
199.0
103.0
134.0
122.0
111.0
133.0
134.0
127.0
113.0
127.0
128.0
132.0
118.0
149.0
130.0
124.0
500.0
144.0
146.0
233.0
260.0
127.0
178.0
101.0
153.0
152.0
500.0
120.0
500.0
342.0
126.0
247.0
252.0
246.0
130.0
150.0
123.0
500.0
138.0
121.0
179.0
294.0
152.0
128.0
348.0
166.0
111.0
500.0
162.0
109.0
106.0
306.0
110.0
107.0
121.0
111.0
115.0
141.0
109.0
286.0
173.0
344.0
117.0
106.0
234.0
156.0
193.0
177.0
105.0
118.0
162.0
114.0
198.0
108.0
141.0
185.0
315.0
369.0
101.0
133.0
213.0
143.0
124.0
133.0
112.0
165.0
130.0
170.0
152.0
155.0
153.0
179.0
117.0
258.0
102.0
107.0
97.0
93.0
190.0
108.0
103.0
111.0
209.0
98.0
107.0
101.0
192.0
106.0
158.0
133.0
261.0
153.0
97.0
313.0
162.0
220.0
104.0
121.0
104.0
132.0
108.0
125.0
125.0
129.0
172.0
105.0
107.0
106.0
111.0
107.0
97.0
48.0
100.0
100.0
83.0
110.0
98.0
101.0
151.0
19.0
26.0
21.0
83.0
155.0
82.0
92.0
21.0
12.0
14.0
93.0
11.0
86.0
65.0
500.0
500.0
500.0
500.0
222.0
132.0
500.0
500.0
12.0
39.0
46.0
500.0
20.0
84.0
90.0
77.0
112.0
15.0
17.0
13.0
21.0
137.0
18.0
78.0
13.0
80.0
445.0
85.0
85.0
13.0
83.0
500.0
136.0
165.0
115.0
113.0
100.0
102.0
104.0
91.0
102.0
500.0
148.0
207.0
137.0
119.0
500.0
122.0
34.0
19.0
104.0
500.0
124.0
142.0
500.0
165.0
120.0
108.0
396.0
129.0
154.0
218.0
96.0
20.0
95.0
147.0
115.0
133.0
452.0
500.0
141.0
363.0
175.0
500.0
429.0
106.0
500.0
304.0
500.0
500.0
284.0
130.0
281.0
100.0
97.0
99.0
115.0
104.0
97.0
122.0
151.0
107.0
115.0
104.0
500.0
116.0
137.0
159.0
107.0
112.0
500.0
124.0
125.0
122.0
116.0
114.0
16.0
18.0
18.0
45.0
16.0
17.0
17.0
12.0
9.0
23.0
17.0
9.0
13.0
13.0
10.0
12.0
11.0
13.0
10.0
12.0
13.0
9.0
26.0
18.0
17.0
22.0
15.0
18.0
19.0
37.0
19.0
8.0
11.0
14.0
22.0
22.0
22.0
16.0
13.0
16.0
17.0
15.0
11.0
19.0
9.0
16.0
25.0
25.0
10.0
15.0
15.0
20.0
22.0
14.0
11.0
14.0
16.0
28.0
10.0
13.0
15.0
15.0
31.0
15.0
13.0
16.0
16.0
11.0
27.0
30.0
9.0
21.0
15.0
12.0
9.0
16.0
29.0
15.0
15.0
13.0
15.0
11.0
15.0
18.0
14.0
63.0
11.0
17.0
29.0
10.0
17.0
18.0
12.0
18.0
17.0
16.0
15.0
12.0
53.0
17.0
15.0
25.0
11.0
43.0
11.0
12.0
37.0
44.0
12.0
20.0
16.0
19.0
9.0
9.0
10.0
11.0
9.0
10.0
11.0
13.0
10.0
10.0
13.0
13.0
11.0
10.0
14.0
8.0
9.0
10.0
10.0
9.0
9.0
12.0
9.0
14.0
10.0
10.0
9.0
12.0
12.0
23.0
11.0
10.0
13.0
9.0
10.0
10.0
9.0
17.0
13.0
