38.0
12.0
11.0
37.0
12.0
11.0
11.0
13.0
14.0
15.0
38.0
25.0
33.0
49.0
41.0
44.0
30.0
50.0
34.0
21.0
18.0
26.0
22.0
25.0
12.0
8.0
52.0
25.0
15.0
63.0
80.0
58.0
48.0
245.0
85.0
63.0
37.0
53.0
78.0
88.0
112.0
68.0
73.0
115.0
109.0
100.0
85.0
112.0
100.0
154.0
122.0
106.0
153.0
87.0
99.0
106.0
152.0
203.0
177.0
131.0
134.0
117.0
95.0
132.0
175.0
127.0
159.0
161.0
146.0
338.0
130.0
163.0
114.0
97.0
168.0
152.0
104.0
97.0
112.0
136.0
133.0
129.0
126.0
157.0
143.0
173.0
197.0
134.0
113.0
123.0
223.0
101.0
163.0
149.0
165.0
242.0
140.0
167.0
271.0
225.0
224.0
173.0
228.0
175.0
174.0
231.0
149.0
206.0
182.0
172.0
425.0
190.0
283.0
300.0
168.0
190.0
159.0
161.0
296.0
141.0
269.0
128.0
81.0
90.0
314.0
153.0
61.0
395.0
137.0
137.0
206.0
216.0
206.0
193.0
215.0
250.0
216.0
198.0
230.0
188.0
172.0
261.0
216.0
246.0
269.0
184.0
345.0
186.0
201.0
177.0
171.0
325.0
173.0
136.0
222.0
106.0
233.0
364.0
172.0
500.0
308.0
139.0
106.0
86.0
27.0
180.0
500.0
500.0
500.0
500.0
500.0
468.0
297.0
278.0
357.0
421.0
500.0
500.0
180.0
172.0
176.0
125.0
133.0
108.0
301.0
180.0
213.0
208.0
159.0
346.0
500.0
129.0
172.0
153.0
149.0
233.0
500.0
135.0
323.0
317.0
228.0
202.0
170.0
169.0
210.0
500.0
150.0
173.0
114.0
194.0
200.0
158.0
110.0
93.0
500.0
99.0
186.0
500.0
500.0
85.0
500.0
144.0
500.0
212.0
243.0
172.0
134.0
98.0
139.0
205.0
405.0
246.0
166.0
127.0
158.0
202.0
155.0
181.0
201.0
227.0
174.0
167.0
213.0
17.0
134.0
15.0
17.0
147.0
103.0
129.0
102.0
128.0
125.0
247.0
12.0
14.0
13.0
9.0
9.0
15.0
133.0
160.0
161.0
116.0
16.0
110.0
135.0
496.0
294.0
260.0
500.0
89.0
13.0
51.0
279.0
194.0
305.0
204.0
155.0
10.0
18.0
112.0
138.0
278.0
500.0
305.0
500.0
431.0
196.0
500.0
500.0
129.0
237.0
171.0
203.0
258.0
330.0
177.0
117.0
157.0
156.0
311.0
500.0
233.0
210.0
206.0
500.0
500.0
500.0
500.0
500.0
273.0
500.0
204.0
156.0
125.0
500.0
280.0
500.0
187.0
209.0
273.0
500.0
500.0
363.0
319.0
500.0
500.0
244.0
16.0
108.0
24.0
108.0
500.0
500.0
338.0
88.0
148.0
422.0
134.0
399.0
173.0
500.0
500.0
498.0
500.0
500.0
500.0
500.0
500.0
117.0
24.0
20.0
19.0
23.0
58.0
38.0
52.0
151.0
215.0
339.0
304.0
132.0
147.0
152.0
195.0
184.0
203.0
110.0
128.0
423.0
500.0
145.0
302.0
109.0
17.0
25.0
26.0
21.0
117.0
205.0
500.0
251.0
81.0
295.0
500.0
131.0
130.0
96.0
126.0
42.0
10.0
143.0
500.0
105.0
99.0
154.0
451.0
118.0
101.0
111.0
104.0
112.0
154.0
167.0
197.0
147.0
297.0
74.0
113.0
99.0
148.0
184.0
136.0
127.0
114.0
354.0
235.0
183.0
266.0
147.0
144.0
312.0
500.0
354.0
500.0
500.0
219.0
500.0
500.0
143.0
382.0
500.0
500.0
108.0
119.0
500.0
129.0
139.0
126.0
142.0
158.0
500.0
137.0
129.0
122.0
140.0
156.0
159.0
133.0
125.0
141.0
99.0
14.0
138.0
140.0
115.0
17.0
11.0
120.0
121.0
386.0
386.0
141.0
128.0
97.0
110.0
138.0
117.0
144.0
156.0
189.0
148.0
117.0
113.0
108.0
108.0
120.0
76.0
97.0
120.0
112.0
120.0
31.0
9.0
95.0
95.0
11.0
10.0
110.0
10.0
133.0
57.0
126.0
123.0
131.0
145.0
10.0
10.0
10.0
10.0
10.0
11.0
9.0
10.0
9.0
10.0
32.0
30.0
30.0
20.0
15.0
15.0
246.0
203.0
500.0
167.0
158.0
164.0
236.0
159.0
118.0
91.0
111.0
339.0
179.0
164.0
156.0
122.0
212.0
134.0
79.0
142.0
159.0
209.0
119.0
194.0
251.0
214.0
390.0
177.0
222.0
172.0
186.0
211.0
244.0
493.0
500.0
112.0
97.0
249.0
57.0
115.0
110.0
126.0
123.0
500.0
264.0
135.0
286.0
136.0
164.0
313.0
167.0
153.0
134.0
229.0
500.0
282.0
194.0
249.0
120.0
132.0
165.0
170.0
148.0
100.0
130.0
301.0
494.0
495.0
500.0
416.0
500.0
146.0
174.0
166.0
375.0
195.0
139.0
165.0
143.0
107.0
223.0
500.0
202.0
500.0
191.0
500.0
80.0
172.0
152.0
354.0
500.0
87.0
74.0
98.0
486.0
238.0
81.0
85.0
88.0
95.0
114.0
162.0
138.0
172.0
500.0
121.0
125.0
120.0
115.0
469.0
127.0
112.0
55.0
64.0
126.0
124.0
43.0
114.0
119.0
128.0
154.0
52.0
25.0
13.0
14.0
12.0
17.0
14.0
17.0
26.0
30.0
40.0
87.0
57.0
59.0
44.0
83.0
48.0
57.0
37.0
51.0
61.0
67.0
55.0
52.0
56.0
71.0
179.0
45.0
57.0
60.0
45.0
76.0
66.0
74.0
122.0
74.0
101.0
75.0
71.0
74.0
65.0
106.0
45.0
165.0
78.0
86.0
65.0
72.0
53.0
51.0
77.0
57.0
70.0
93.0
67.0
94.0
148.0
74.0
53.0
70.0
72.0
135.0
96.0
115.0
48.0
114.0
180.0
77.0
90.0
140.0
93.0
137.0
82.0
77.0
116.0
82.0
79.0
79.0
80.0
68.0
99.0
166.0
76.0
129.0
97.0
68.0
69.0
198.0
122.0
94.0
134.0
96.0
111.0
152.0
134.0
158.0
94.0
84.0
178.0
86.0
213.0
111.0
243.0
105.0
117.0
189.0
134.0
103.0
110.0
136.0
99.0
137.0
241.0
173.0
125.0
141.0
73.0
243.0
86.0
72.0
110.0
259.0
201.0
107.0
152.0
139.0
127.0
229.0
103.0
83.0
127.0
160.0
319.0
121.0
205.0
259.0
90.0
113.0
133.0
105.0
135.0
138.0
127.0
136.0
118.0
181.0
132.0
145.0
155.0
171.0
132.0
151.0
153.0
164.0
134.0
114.0
123.0
322.0
167.0
128.0
287.0
143.0
141.0
135.0
132.0
114.0
115.0
146.0
137.0
125.0
119.0
122.0
127.0
143.0
134.0
115.0
112.0
120.0
121.0
131.0
130.0
154.0
